[app/ui]
version = 6.6.4
modtime = 1518680166.017303900

[app/launcher]
version = 6.6.4
modtime = 1518680166.031304500
